7,2
7,3
5,4
5,2
5,1
5,3
38,57
38,56
38,55
38,54
38,53
38,52
38,51
38,50
38,49
38,48
38,47
38,46
38,45
38,44
38,43
38,42
38,41
38,40
38,39
38,38
38,37
38,36
33,33
33,32
33,31
0,516
0,515
0,514
0,474
30,5
25,5
38,35
3,2
3,1
3,3
10,190
10,288
10,6
10,247
10,307
10,279
10,160
10,79
10,2
10,3
11,8
11,19
11,18
11,20
11,9
11,2
9,5
9,1
9,7
9,2
9,3
8,13
8,15
8,2
8,3
35,8
35,7
35,6
35,5
35,4
35,3
35,2
35,1
35,0
34,5
34,4
34,3
34,2
34,1
34,0
33,30
33,29
33,28
33,27
33,26
33,25
33,24
33,23
33,22
33,21
33,20
33,19
33,18
33,17
33,16
33,15
33,14
33,13
33,12
33,11
33,10
33,9
33,8
33,7
33,6
33,5
33,4
33,3
33,2
33,1
33,0
32,4
32,3
32,2
32,1
32,0
31,8
31,7
31,5
31,4
31,3
31,1
30,4
30,3
30,1
29,4
29,3
29,1
28,5
28,4
28,3
28,1
27,3
27,1
26,4
26,3
